QE = 0.199919; TE = 0.346742; ADM = 0.513476;
iters = 100;