Sammon = 0.028092

BATCHTRAIN:
QE = 0.011989; 
TE = 0.044223; 
ADM = 0.028135;